% Model:              Barra I_BASE.mph
% Version:            COMSOL 6.2.0.290
% Date:               May 1 2026, 10:35
% Table:              Table 17 - Global Evaluation 2
% H (cm)                 W (cm)                   N_DC                     N_AC                     Time (s)                 Medidores Magneticos - Centro Nucleo, Campo B (T) Medidores Magneticos - Centro Nucleo, Permeabilidade Relativa (1)
27                       2.7                      350                      5000                     0                        0.00001498985240086664                            1199.9992691464727
27                       2.7                      350                      5000                     0.5                      1.7535317553766414                                83.71375552278148
27                       2.7                      350                      5000                     1                        2.172686627057646                                 10.326230674316127
27                       2.7                      350                      5000                     1.5                      1.9931512919938996                                26.78123798919618
27                       2.7                      350                      5000                     2                        1.2133723310777542                                534.4756613055217
27                       2.8                      350                      5000                     0                        0.00001446975562475495                            1199.9992691526022
27                       2.8                      350                      5000                     0.5                      1.7150787896366912                                100.8777588652366
27                       2.8                      350                      5000                     1                        2.1652948121517706                                10.6536289371936
27                       2.8                      350                      5000                     1.5                      1.9744864004748262                                29.20354147160194
27                       2.8                      350                      5000                     2                        1.173622447969014                                 607.6327339349324
27                       2.9                      350                      5000                     0                        0.00001398552075976692                            1199.9992691508867
27                       2.9                      350                      5000                     0.5                      1.6745583678920064                                119.04341732681746
27                       2.9                      350                      5000                     1                        2.1578677451994306                                11.006673187752188
27                       2.9                      350                      5000                     1.5                      1.9561868281130455                                32.10426283123691
27                       2.9                      350                      5000                     2                        1.136304282567463                                 696.0939162156424
27                       3                        350                      5000                     0                        0.00001353246259244033                            1199.9992691485181
27                       3                        350                      5000                     0.5                      1.6330650552871946                                138.3538879840203
27                       3                        350                      5000                     1                        2.150373187148637                                 11.390199163014856
27                       3                        350                      5000                     1.5                      1.9374293996520915                                35.82106651717612
27                       3                        350                      5000                     2                        1.101111398593612                                 815.4165468576387
27                       3.1000000000000005       350                      5000                     0                        0.00001310790458340479                            1199.9992691472607
27                       3.1000000000000005       350                      5000                     0.5                      1.592376384800361                                 163.1962232299764
27                       3.1000000000000005       350                      5000                     1                        2.1428220878109934                                11.807649712563355
27                       3.1000000000000005       350                      5000                     1.5                      1.9179011958792997                                40.84203366312974
27                       3.1000000000000005       350                      5000                     2                        1.0675453263512258                                907.3527777130298
27                       3.2                      350                      5000                     0                        0.00001270971142781583                            1199.9992691459217
27                       3.2                      350                      5000                     0.5                      1.5515383745881863                                183.43940387698757
27                       3.2                      350                      5000                     1                        2.135193112858442                                 12.265027344476799
27                       3.2                      350                      5000                     1.5                      1.8958944350608185                                47.609779286924486
27                       3.2                      350                      5000                     2                        1.036014124418691                                 1019.3667935167558
27                       3.3000000000000003       350                      5000                     0                        0.00001233494194846619                            1199.9992691502569
27                       3.3000000000000003       350                      5000                     0.5                      1.5124277991814257                                209.6629243600717
27                       3.3000000000000003       350                      5000                     1                        2.127415154995181                                 12.77311853609429
27                       3.3000000000000003       350                      5000                     1.5                      1.867685316038933                                 52.35771660480845
27                       3.3000000000000003       350                      5000                     2                        1.0061702724023165                                1163.6242048235265
28.000000000000004       2.7                      350                      5000                     0                        0.00001528471718911625                            1199.9992691465764
28.000000000000004       2.7                      350                      5000                     0.5                      1.7735097401110471                                77.12098349421204
28.000000000000004       2.7                      350                      5000                     1                        2.1761135103287144                                10.181889281165873
28.000000000000004       2.7                      350                      5000                     1.5                      2.0067482724656442                                24.719860886090263
28.000000000000004       2.7                      350                      5000                     2                        1.2818170338075934                                438.6683094689147
28.000000000000004       2.8                      350                      5000                     0                        0.00001475328931050798                            1199.9992691510897
28.000000000000004       2.8                      350                      5000                     0.5                      1.7362247578066146                                90.56472889522485
28.000000000000004       2.8                      350                      5000                     1                        2.1688714858806293                                10.492378825471526
28.000000000000004       2.8                      350                      5000                     1.5                      1.9914491201881162                                26.98361257820323
28.000000000000004       2.8                      350                      5000                     2                        1.2399544546525203                                491.3876045029165
28.000000000000004       2.9                      350                      5000                     0                        0.00001425666875723227                            1199.99926914889
28.000000000000004       2.9                      350                      5000                     0.5                      1.6980961044416838                                110.620457109822
28.000000000000004       2.9                      350                      5000                     1                        2.16158442754355                                  10.826821103234884
28.000000000000004       2.9                      350                      5000                     1.5                      1.9730817109910461                                29.4057409763386
28.000000000000004       2.9                      350                      5000                     2                        1.2005276245169494                                558.9360246154248
28.000000000000004       3                        350                      5000                     0                        0.00001379293288078849                            1199.9992691544414
28.000000000000004       3                        350                      5000                     0.5                      1.6569661786254362                                126.41627955341765
28.000000000000004       3                        350                      5000                     1                        2.154250995267555                                 11.18814600366752
28.000000000000004       3                        350                      5000                     1.5                      1.955013388830415                                 32.31211760606886
28.000000000000004       3                        350                      5000                     2                        1.1633152524765733                                629.2049355774387
28.000000000000004       3.1000000000000005       350                      5000                     0                        0.00001335889072297412                            1199.9992691468328
28.000000000000004       3.1000000000000005       350                      5000                     0.5                      1.6167751675608009                                148.12409645411248
28.000000000000004       3.1000000000000005       350                      5000                     1                        2.1468637356750766                                11.580116760167833
28.000000000000004       3.1000000000000005       350                      5000                     1.5                      1.936527588916075                                 36.023612168587775
28.000000000000004       3.1000000000000005       350                      5000                     2                        1.128285306726972                                 719.5067813854372
28.000000000000004       3.2                      350                      5000                     0                        0.00001295118091928734                            1199.9992691528978
28.000000000000004       3.2                      350                      5000                     0.5                      1.5763402467370493                                170.46688455473628
28.000000000000004       3.2                      350                      5000                     1                        2.139413568770664                                 12.007311113330392
28.000000000000004       3.2                      350                      5000                     1.5                      1.917245157843063                                 41.03730687842331
28.000000000000004       3.2                      350                      5000                     2                        1.0950216817596332                                831.9797122020295
28.000000000000004       3.3000000000000003       350                      5000                     0                        0.00001256731838863683                            1199.9992691469643
28.000000000000004       3.3000000000000003       350                      5000                     0.5                      1.5367251303339107                                192.410219425456
28.000000000000004       3.3000000000000003       350                      5000                     1                        2.131870751156988                                 12.476577275218435
28.000000000000004       3.3000000000000003       350                      5000                     1.5                      1.895369632269196                                 47.68905851756299
28.000000000000004       3.3000000000000003       350                      5000                     2                        1.0633782542096006                                920.3746955229592
28.999999999999996       2.7                      350                      5000                     0                        0.00001504200520707733                            1199.9992691547618
28.999999999999996       2.7                      350                      5000                     0.5                      1.7534789162949296                                83.73290373647319
28.999999999999996       2.7                      350                      5000                     1                        2.16457906501515                                  10.686559916558846
28.999999999999996       2.7                      350                      5000                     1.5                      1.9895203267565775                                27.217088016400897
28.999999999999996       2.7                      350                      5000                     2                        1.225663288789382                                 513.416869423124
28.999999999999996       2.8                      350                      5000                     0                        0.00001451781291692089                            1199.9992691472112
28.999999999999996       2.8                      350                      5000                     0.5                      1.715546429768073                                 100.62130761926221
28.999999999999996       2.8                      350                      5000                     1                        2.1575088707345644                                11.024389600673988
28.999999999999996       2.8                      350                      5000                     1.5                      1.9716067690624244                                29.62140547716285
28.999999999999996       2.8                      350                      5000                     2                        1.1845122823586753                                586.7589729591256
28.999999999999996       2.9                      350                      5000                     0                        0.00001402879271216621                            1199.9992691494804
28.999999999999996       2.9                      350                      5000                     0.5                      1.6755129537224334                                118.67201691063477
28.999999999999996       2.9                      350                      5000                     1                        2.15037825502387                                  11.389929854793824
28.999999999999996       2.9                      350                      5000                     1.5                      1.9538506635010613                                32.520997498697646
28.999999999999996       2.9                      350                      5000                     2                        1.1461673677363935                                669.7081314287243
28.999999999999996       3                        350                      5000                     0                        0.00001357181504722428                            1199.9992691498442
28.999999999999996       3                        350                      5000                     0.5                      1.6342556061122433                                137.69719450444995
28.999999999999996       3                        350                      5000                     1                        2.14319683175624                                  11.786140646319767
28.999999999999996       3                        350                      5000                     1.5                      1.9356598345638807                                36.22086419147548
28.999999999999996       3                        350                      5000                     2                        1.1109414913769529                                777.3471323269508
28.999999999999996       3.1000000000000005       350                      5000                     0                        0.00001314382770454020                            1199.9992691514537
28.999999999999996       3.1000000000000005       350                      5000                     0.5                      1.593834105681224                                 162.57282826735474
28.999999999999996       3.1000000000000005       350                      5000                     1                        2.13594125041771                                  12.218464428469717
28.999999999999996       3.1000000000000005       350                      5000                     1.5                      1.9166271451897556                                41.22310140821698
28.999999999999996       3.1000000000000005       350                      5000                     2                        1.0769585764073828                                879.594647410541
28.999999999999996       3.2                      350                      5000                     0                        0.00001274159490678652                            1199.9992691474122
28.999999999999996       3.2                      350                      5000                     0.5                      1.5529966937421873                                182.610018353491
28.999999999999996       3.2                      350                      5000                     1                        2.12859382656952                                  12.693187502999935
28.999999999999996       3.2                      350                      5000                     1.5                      1.8948582746332927                                47.76660349040119
28.999999999999996       3.2                      350                      5000                     2                        1.0448537295310654                                984.5524495234412
28.999999999999996       3.3000000000000003       350                      5000                     0                        0.00001236362221895592                            1199.9992691493887
28.999999999999996       3.3000000000000003       350                      5000                     0.5                      1.513897073517179                                 208.51527005875906
28.999999999999996       3.3000000000000003       350                      5000                     1                        2.1210917322243055                                13.221361698190721
28.999999999999996       3.3000000000000003       350                      5000                     1.5                      1.8668761665091276                                52.51025910957714
28.999999999999996       3.3000000000000003       350                      5000                     2                        1.0145610245459338                                1118.192629665501
30                       2.7                      350                      5000                     0                        0.00001480425662507130                            1199.9992691546554
30                       2.7                      350                      5000                     0.5                      1.7336084290852194                                91.71239803705761
30                       2.7                      350                      5000                     1                        2.1538430037510357                                11.20903257089767
30                       2.7                      350                      5000                     1.5                      1.9709208108627545                                29.7228985314163
30                       2.7                      350                      5000                     2                        1.171328206731302                                 612.2732364852102
30                       2.8                      350                      5000                     0                        0.00001428742649560306                            1199.9992691500977
30                       2.8                      350                      5000                     0.5                      1.6948253716640913                                111.70560776857394
30                       2.8                      350                      5000                     1                        2.1469080095662587                                11.577677465944584
30                       2.8                      350                      5000                     1.5                      1.953492001657968                                 32.586026751734614
30                       2.8                      350                      5000                     2                        1.1325798053481269                                706.7346752578881
30                       2.9                      350                      5000                     0                        0.00001380566108588353                            1199.9992691506136
30                       2.9                      350                      5000                     0.5                      1.6531034722571416                                128.18203252277598
30                       2.9                      350                      5000                     1                        2.1399142975384007                                11.97751744234642
30                       2.9                      350                      5000                     1.5                      1.9356147547639975                                36.23117532886444
30                       2.9                      350                      5000                     2                        1.0959952377471671                                829.6012903414423
30                       3                        350                      5000                     0                        0.00001335511727500763                            1199.9992691512098
30                       3                        350                      5000                     0.5                      1.612240053740149                                 151.13375916018052
30                       3                        350                      5000                     1                        2.132849950289346                                 12.413403590694793
30                       3                        350                      5000                     1.5                      1.9169041513346115                                41.13960199089359
30                       3                        350                      5000                     2                        1.0613046679333988                                927.0340449003968
30                       3.1000000000000005       350                      5000                     0                        0.00001293281771176159                            1199.9992691476843
30                       3.1000000000000005       350                      5000                     0.5                      1.5707694907006513                                173.18407061909252
30                       3.1000000000000005       350                      5000                     1                        2.1256972499941433                                12.891599686829267
30                       3.1000000000000005       350                      5000                     1.5                      1.8955816476024119                                47.65699341085526
30                       3.1000000000000005       350                      5000                     2                        1.0286797970299537                                1050.6773988329542
30                       3.2                      350                      5000                     0                        0.00001253703776408207                            1199.999269149777
30                       3.2                      350                      5000                     0.5                      1.5304164673645675                                196.56048165964322
30                       3.2                      350                      5000                     1                        2.1183882005616534                                13.423622820527257
30                       3.2                      350                      5000                     1.5                      1.8676768601979001                                52.359305452933775
30                       3.2                      350                      5000                     2                        0.9976167497594794                                1199.9992691505197
30                       3.3000000000000003       350                      5000                     0                        0.00001216454453588159                            1199.9992691499149
30                       3.3000000000000003       350                      5000                     0.5                      1.491116142031586                                 224.52024577749555
30                       3.3000000000000003       350                      5000                     1                        2.110979886633226                                 14.01390357568066
30                       3.3000000000000003       350                      5000                     1.5                      1.8361176578400993                                59.17681367708518
30                       3.3000000000000003       350                      5000                     2                        0.9672179699225492                                1199.9992691505197
31                       2.7                      350                      5000                     0                        0.00001457166726303828                            1199.9992691530888
31                       2.7                      350                      5000                     0.5                      1.7137541708485278                                101.61209236237947
31                       2.7                      350                      5000                     1                        2.1438092855974293                                11.751172067149447
31                       2.7                      350                      5000                     1.5                      1.9538591971171162                                32.51945371342247
31                       2.7                      350                      5000                     2                        1.1211340125004294                                742.0664319931476
31                       2.8                      350                      5000                     0                        0.00001406229845412241                            1199.9992691507769
31                       2.8                      350                      5000                     0.5                      1.6731708012750681                                119.58820690207239
31                       2.8                      350                      5000                     1                        2.136996907039541                                 12.153414854543188
31                       2.8                      350                      5000                     1.5                      1.9363229831737123                                36.06991206263156
31                       2.8                      350                      5000                     2                        1.0835240447325678                                861.4839525196078
31                       2.9                      350                      5000                     0                        0.00001358710772093812                            1199.9992691532482
31                       2.9                      350                      5000                     0.5                      1.6311677945570688                                139.41545879123834
31                       2.9                      350                      5000                     1                        2.130167463122085                                 12.588153326556657
31                       2.9                      350                      5000                     1.5                      1.917973398206903                                 40.8206638297075
31                       2.9                      350                      5000                     2                        1.0480600735188998                                972.6417467103618
31                       3                        350                      5000                     0                        0.00001314321313983551                            1199.999269149502
31                       3                        350                      5000                     0.5                      1.589850351732256                                 164.2906322243339
31                       3                        350                      5000                     1                        2.1231465451635123                                13.0719959612203
31                       3                        350                      5000                     1.5                      1.897437446610342                                 47.37845508927734
31                       3                        350                      5000                     2                        1.014744023170075                                 1117.2493139790058
31                       3.1000000000000005       350                      5000                     0                        0.00001272745142384242                            1199.9992691493064
31                       3.1000000000000005       350                      5000                     0.5                      1.548240281853071                                 185.3491022975144
31                       3.1000000000000005       350                      5000                     1                        2.116019778626649                                 13.606410593436072
31                       3.1000000000000005       350                      5000                     1.5                      1.8698499424802437                                51.95459727460462
31                       3.1000000000000005       350                      5000                     2                        0.9828891046204175                                1199.9992691505197
31                       3.2                      350                      5000                     0                        0.00001233704442566996                            1199.999269153355
31                       3.2                      350                      5000                     0.5                      1.5082803623407146                                212.98425323052584
31                       3.2                      350                      5000                     1                        2.1087741206570247                                14.200676299766378
31                       3.2                      350                      5000                     1.5                      1.8380150074017387                                58.70981406837056
31                       3.2                      350                      5000                     2                        0.9521207825770898                                1199.9992691505197
31                       3.3000000000000003       350                      5000                     0                        0.00001196982527613036                            1199.9992691495981
31                       3.3000000000000003       350                      5000                     0.5                      1.468650992228212                                 237.1028228384271
31                       3.3000000000000003       350                      5000                     1                        2.1012600437368145                                14.879346338708864
31                       3.3000000000000003       350                      5000                     1.5                      1.8091742059248321                                66.84812468405403
31                       3.3000000000000003       350                      5000                     2                        0.9238867683194588                                1199.9992691505197
32                       2.7                      350                      5000                     0                        0.00001434392597276854                            1199.9992691494258
32                       2.7                      350                      5000                     0.5                      1.6938542457671206                                112.0327346455658
32                       2.7                      350                      5000                     1                        2.1343967198869946                                12.315021453451195
32                       2.7                      350                      5000                     1.5                      1.937661778154488                                 35.76927340039608
32                       2.7                      350                      5000                     2                        1.073523775047313                                 889.4683771703837
32                       2.8                      350                      5000                     0                        0.00001384166428359928                            1199.9992691528023
32                       2.8                      350                      5000                     0.5                      1.6515431681070336                                128.91176010266196
32                       2.8                      350                      5000                     1                        2.127686642983007                                 12.754610732626244
32                       2.8                      350                      5000                     1.5                      1.919728196260868                                 40.30856527471586
32                       2.8                      350                      5000                     2                        1.0371573847012245                                1014.6918473396088
32                       2.9                      350                      5000                     0                        0.00001337342414834190                            1199.9992691547272
32                       2.9                      350                      5000                     0.5                      1.609924155740433                                 152.72515469819947
32                       2.9                      350                      5000                     1                        2.1208975604200173                                13.235668056598511
32                       2.9                      350                      5000                     1.5                      1.9000277453471262                                46.98893946688692
32                       2.9                      350                      5000                     2                        1.0029919941793661                                1182.0251277227064
32                       3                        350                      5000                     0                        0.00001293549530346485                            1199.9992691475677
32                       3                        350                      5000                     0.5                      1.567486137429236                                 174.83587892047782
32                       3                        350                      5000                     1                        2.113928791101023                                 13.772328142884671
32                       3                        350                      5000                     1.5                      1.873091579318386                                 51.36407203454301
32                       3                        350                      5000                     2                        0.9696166139283598                                1199.9992691505197
32                       3.1000000000000005       350                      5000                     0                        0.00001252592565978821                            1199.9992691523955
32                       3.1000000000000005       350                      5000                     0.5                      1.5262925160088565                                199.39114286150655
32                       3.1000000000000005       350                      5000                     1                        2.106845533308972                                 14.36843891729318
32                       3.1000000000000005       350                      5000                     1.5                      1.8410566906214727                                57.97828717547585
32                       3.1000000000000005       350                      5000                     2                        0.93904794096099                                  1199.9992691505197
32                       3.2                      350                      5000                     0                        0.00001214103392895392                            1199.9992691498167
32                       3.2                      350                      5000                     0.5                      1.4859883592112277                                227.2407067851781
32                       3.2                      350                      5000                     1                        2.099427220543123                                 15.034770040769876
32                       3.2                      350                      5000                     1.5                      1.8122196735976845                                65.8702177252715
32                       3.2                      350                      5000                     2                        0.910333705271122                                 1199.99926915052
32                       3.3000000000000003       350                      5000                     0                        0.00001177902106889304                            1199.999269150252
32                       3.3000000000000003       350                      5000                     0.5                      1.446820412084311                                 251.20186990931148
32                       3.3000000000000003       350                      5000                     1                        2.090410088477701                                 15.60584580219972
32                       3.3000000000000003       350                      5000                     1.5                      1.7815876336696654                                74.77732644277982
32                       3.3000000000000003       350                      5000                     2                        0.8833283792556166                                1199.9992691505197
33                       2.7                      350                      5000                     0                        0.00001412110710004881                            1199.9992691470761
33                       2.7                      350                      5000                     0.5                      1.673021879711987                                 119.64702726882733
33                       2.7                      350                      5000                     1                        2.1255453964791426                                12.90218791405819
33                       2.7                      350                      5000                     1.5                      1.9220583479931461                                39.64947635124323
33                       2.7                      350                      5000                     2                        1.0285917002472125                                1051.0679826143696
33                       2.8                      350                      5000                     0                        0.00001362582194836214                            1199.9992691462862
33                       2.8                      350                      5000                     0.5                      1.630257892751262                                 139.9312655690379
33                       2.8                      350                      5000                     1                        2.1189095367650768                                13.384099008314786
33                       2.8                      350                      5000                     1.5                      1.9030568109924861                                45.81134170958818
33                       2.8                      350                      5000                     2                        0.9932197905460206                                1199.9992691505197
33                       2.9                      350                      5000                     0                        0.00001316429612250393                            1199.9992691487623
33                       2.9                      350                      5000                     0.5                      1.5881294080350303                                165.04670548752568
33                       2.9                      350                      5000                     1                        2.112115623692759                                 13.919786648019079
33                       2.9                      350                      5000                     1.5                      1.8774187191331309                                50.59945754525482
33                       2.9                      350                      5000                     2                        0.9592390730789675                                1199.99926915052
33                       3                        350                      5000                     0                        0.00001273289892843932                            1199.9992691464897
33                       3                        350                      5000                     0.5                      1.5455900400634124                                186.91879987651598
33                       3                        350                      5000                     1                        2.105181841689835                                 14.516631332649306
33                       3                        350                      5000                     1.5                      1.8451902147819543                                57.01659675135457
33                       3                        350                      5000                     2                        0.9279797721073263                                1199.99926915052
33                       3.1000000000000005       350                      5000                     0                        0.00001232878355985081                            1199.999269151865
33                       3.1000000000000005       350                      5000                     0.5                      1.5047231650862558                                215.9331238669195
33                       3.1000000000000005       350                      5000                     1                        2.0976750550261705                                15.142068030828717
33                       3.1000000000000005       350                      5000                     1.5                      1.8163819171244988                                64.58410027100528
33                       3.1000000000000005       350                      5000                     2                        0.8986989725171155                                1199.99926915052
33                       3.2                      350                      5000                     0                        0.00001194916622106654                            1199.9992691503157
33                       3.2                      350                      5000                     0.5                      1.46409986617533                                  239.8764754407083
33                       3.2                      350                      5000                     1                        2.088773738694912                                 15.714718928329713
33                       3.2                      350                      5000                     1.5                      1.7859600504066209                                73.5755048227048
33                       3.2                      350                      5000                     2                        0.871200551864115                                 1199.9992691505195
33                       3.3000000000000003       350                      5000                     0                        0.00001159242908428691                            1199.999269148092
33                       3.3000000000000003       350                      5000                     0.5                      1.4255197865966114                                267.17231117495965
33                       3.3000000000000003       350                      5000                     1                        2.079713002923881                                 16.34954455335381
33                       3.3000000000000003       350                      5000                     1.5                      1.754477543302661                                 83.37268269019273
33                       3.3000000000000003       350                      5000                     2                        0.8453538501725671                                1199.9992691505195
